13-14
1-2
6
11
1
7
14
6
4
6
16
8
8
1
11
15
16
7
1
19
32
9
9-10
8
32
12
1
17
7
31
1
11
8
7
33
10
32
18
8
12
33
19
8
20
6
8
2
35
6
18
4
8
1-2
11
4
31
13
25
17-18
9
21
26
20
1-2
8
1
3
8
15
21
14
1
14
12
21
11
3-4
35
17
1
11
3
10
15
21
16
15
33
22
7
20
2
11
7
12
18
13
21
6
6
7
6
9
9
4
26
10
8
14
1
2
10
8
17
34
2
6
1
6
10
6
12
23
6
8
3
12
18
36
5
24
17
11
33
29
4
27
34
27
26
32
34
10
3
16
7
26
3
27
23
21
22
13
11
14
10
17
4
10
17
20
5
2
6
6
3
31
14
8
5
8
1
27
20
2
12
12
17
11
28
2
23
18
24
10
16
16
22
15
14
27
45-46
3
13
4
1
45
6
6
57
21
8
3
19
7
10
25
14
1
13
1
4
11
27
9
35-36
6
1
19
9
28
30
1
12
62
26
21
14
5
1-2
5
7
12
14
3
11
8
24
20
8
115
4
27
8
1
13
34
26
8
1
31
9
4
5
24
2
8
16
30
8
8
19
13
14
20
23
7
20
32
7
24
3
105
1
8
31
1
11
1
5
24
5
39
31
1
1
14
5
6
27
29
17
19
10
6
6
13
3
7
6
14
1
9
17
7
6
4
23
21
16
3
2
8
14
41
12
3
13
12
14
34-35
17
16
17
45-46
8
3
8
4
13
1
42
1
8
13
15
6-7
15
2
2-3
14
4-5
26-27
30-31
38
3-5
20-21
1-3
4-5
8
6-7
9-10
6
11-12
15-16
25-26
27-28
29-30
31-32
36-37
38
1-2
11-12
13-14
17
33